PID,SaleCondition
527105030,0
527127150,0
527163010,0
527216070,1
527258010,0
527276150,0
527368020,0
527402250,0
527404120,0
527451180,0
528120090,0
528120100,0
528120120,0
528138020,0
528175010,0
528180070,0
528231020,0
528292020,0
528358010,0
528445060,0
531451280,1
531453040,1
531477050,1
532351140,0
532479070,1
533130160,0
533205060,0
533210060,0
533223020,0
533352170,0
534102025,0
534129040,0
534152070,0
534176230,0
534251320,1
534276360,1
534401140,1
534451150,0
535101020,1
535304180,1
535327140,1
535377090,0
535401080,1
535425010,1
902104060,1
902106140,1
902125160,1
902128170,1
902206040,1
902206130,1
902207140,1
902305110,1
902402130,1
902403070,1
903204040,1
903233120,1
903234050,1
903430080,1
904300150,1
905101310,0
905105070,1
905106140,1
905106170,0
905107250,1
905107320,1
905109130,0
905109170,1
905325030,0
905426200,1
905452110,1
905453080,0
906402200,1
906425045,1
907125090,0
907180050,0
907200340,0
907250030,0
907252120,0
907262050,0
907401090,0
908102060,1
908102110,0
908102130,0
908102170,1
908152080,0
908203100,0
908208020,0
909100080,1
909176140,1
909250060,1
909281080,1
909428280,1
909455040,0
910202060,1
910205120,1
916386010,0
916386090,0
923202105,0
923225300,0
923225390,1
923226320,0
923276250,0
924100050,1
527108070,0
527110020,0
527127100,0
527131030,0
527132090,0
527162110,1
527162120,0
527164020,0
527166010,0
527182110,0
527258020,0
527355150,1
527356040,0
527359180,1
527365030,0
527375100,1
527402220,0
527403040,0
527451540,0
527451640,1
527453050,0
527453060,0
527454050,0
527455050,0
527455240,0
528104070,0
528108010,0
528108070,0
528118060,0
528120020,0
528142090,0
528166060,0
528166090,0
528168030,0
528174050,0
528174060,0
528174070,0
528186180,0
528188020,0
528218090,0
528220040,0
528228290,0
528235090,0
528240150,0
528250020,0
528275160,0
528280230,0
528292040,0
528292070,1
528344100,0
528431070,0
528441020,0
528456180,0
528458020,0
528458160,0
528458180,0
528488100,0
531369020,0
531375040,0
531375090,0
531375130,0
531385020,0
531477020,0
532378180,0
533206020,0
533210010,0
533213010,0
533213020,0
533223030,0
534127130,1
534128100,1
534151120,1
534175080,0
534226120,0
534250400,1
534276040,0
534278070,1
534400290,1
534431130,0
534475185,1
534476150,1
535104120,1
535126010,1
535151040,1
535179160,1
535300120,1
535301170,1
535303150,0
535325290,1
535354070,1
535376060,1
535377150,1
535382100,1
535383120,1
535402010,0
535402330,0
535403280,0
535451250,1
535453200,0
902102080,1
902103100,1
902103120,1
902103170,1
902106060,1
902110080,1
902201110,1
902205030,1
902207170,1
902326030,1
902327070,1
902329080,1
902331010,1
902402150,1
903200080,1
903201020,1
903202170,1
903226130,1
903227070,1
903227090,1
903231060,1
903231130,1
903458170,1
903476090,1
904301060,0
904301070,0
904351240,0
905103040,0
905103070,1
905105190,0
905108220,0
905225090,1
905451300,0
905451340,0
905452040,1
905480030,1
905480210,1
906201021,0
906201130,1
906226120,0
906226130,1
906226140,0
906230010,1
906230020,1
906230030,1
906380100,0
906380130,0
906426210,0
907126050,0
907130100,0
907135170,0
907181100,0
907194010,0
907201280,0
907202080,0
907227080,0
907227290,0
907252210,0
907252220,0
907265010,0
907275010,0
907290180,0
907414080,0
908102050,0
908128060,0
908152035,0
908154040,0
908186080,0
908203090,0
908225290,1
909101010,1
909129100,1
909250080,1
909250220,1
909251050,1
909254010,1
909257050,1
909275080,1
909278020,1
909282130,1
909451040,1
909451140,1
909451180,0
909475300,1
910204050,1
911104060,1
911370500,1
914465040,1
914465055,1
914475010,1
916382100,0
916382110,0
916386140,0
916403010,0
916403200,1
916455070,0
916460110,0
923201100,0
923230200,0
923275040,1
923400025,1
526351030,1
526353050,1
527106050,0
527106140,0
527107210,0
527208010,0
527276040,1
527301170,1
527302185,1
527357110,0
527358120,1
527427110,0
527450250,0
527451400,0
527451550,0
527453160,0
528102030,1
528102110,0
528108150,0
528118030,0
528170070,0
528180110,0
528186080,0
528188090,0
528190010,0
528228540,0
528235020,0
528235180,0
528240040,0
528315060,0
528363110,0
528365060,1
528365080,0
528427010,0
528458050,0
528462040,0
528477040,0
528478040,0
528490080,0
531363060,0
531375110,0
531375120,0
531382110,0
531382120,0
531385060,0
531450030,0
532351050,1
533213120,0
533236070,0
533236090,0
533250160,0
533350120,1
534126090,1
534127210,1
534127230,1
534129060,1
534177180,1
534201240,0
534225110,0
534252270,0
534400030,1
534401130,0
534401190,1
534403100,0
534455030,0
534477080,1
534479150,0
535105060,1
535151160,0
535178060,1
535301080,0
535305160,0
535352080,1
535354200,0
535380050,1
535380110,1
535425060,1
535426260,1
535451230,0
535453040,0
535453210,1
535456100,0
535477090,0
902100020,0
902100030,1
902109110,0
902201120,0
902201140,0
902202090,1
902304060,1
902401120,1
902405070,1
902406090,1
902427045,0
903201030,1
903226060,1
903226150,1
903228060,1
903231080,1
903232090,1
903234090,1
903235100,1
903236010,0
903400180,1
903401020,1
903401030,1
903425420,1
903452025,1
903456130,1
903458110,1
903475020,0
903484020,1
904100020,1
904100040,0
904101170,0
905103030,0
905108170,0
905200090,0
905227050,1
905352030,1
905401045,1
905425125,1
905426030,1
905480150,1
906204280,1
906420130,0
907126030,0
907194020,1
907202010,1
907202160,0
907202190,0
907202240,1
907227050,0
907253060,0
907255060,0
907260010,0
907262030,0
907285080,0
907290250,0
907295020,0
907405140,0
907412070,0
908102030,1
908103260,0
908128050,0
908128110,0
908152110,1
908154235,0
908186040,0
908226120,1
908250090,1
908275180,1
908275280,1
908276140,0
909100170,1
909101180,1
909131170,1
909175050,1
909175100,1
909275040,1
909275050,1
909281030,1
909425085,1
909451020,1
910200080,1
911370490,1
911370520,1
914475020,0
914476080,0
916226030,0
916402215,0
916460060,0
923225310,0
923225370,1
923227030,0
923252100,0
923400040,1
924100020,1
526352080,1
527110080,0
527110130,0
527126030,0
527165020,0
527226040,0
527256040,1
527301080,1
527301280,0
527302090,0
527325110,1
527327050,1
527353080,1
527356050,0
527377110,1
527402090,0
527402150,0
527404050,0
527404140,0
527427160,0
527450030,0
527455030,0
528102120,0
528102130,0
528106110,1
528120010,0
528142050,0
528150110,0
528150120,0
528172050,0
528174030,0
528181080,0
528186050,0
528218020,0
528221040,0
528221050,0
528221090,0
528222030,0
528222060,0
528222090,0
528228275,0
528228375,0
528231030,0
528275110,0
528290170,0
528294010,0
528322020,0
528354060,0
528427100,0
528429110,0
528435060,0
528445020,0
528456190,0
528458090,0
528458130,0
528458150,0
528480180,0
528482090,0
531376060,0
531451030,0
531451150,1
531477040,1
532353120,0
532354010,1
532354060,0
532354070,0
532378240,0
532479120,1
533208010,0
533208070,0
533213140,0
533221060,0
533221100,0
533223050,0
533244040,1
533250190,1
533252130,1
533350020,1
534104090,0
534151090,0
534202030,1
534252060,0
534252110,1
534401120,1
534403290,1
534425080,1
534450090,0
534476080,1
534479120,1
535101150,0
535102010,1
535105110,1
535176070,1
535177020,1
535177110,1
535301060,1
535301160,0
535302070,0
535304170,0
535305180,1
535327200,1
535450190,1
535450220,1
535450310,1
535451040,1
535452060,0
535453180,0
535457040,0
535477180,0
902106070,1
902107050,0
902205020,1
902206270,1
902300020,1
902301130,1
902303100,1
902330090,1
903201090,1
903228080,1
903231090,1
903233050,1
903233140,1
903401070,1
903425270,1
903430040,1
903454010,1
903484080,1
905101070,0
905102010,1
905103110,0
905104170,0
905105170,0
905200010,0
905226080,1
905226130,1
905226170,1
905228020,1
905301050,1
905475270,0
905476160,0
906378170,0
906380010,0
906380140,0
906380200,0
906403060,1
907125120,0
907130060,0
907180040,0
907192020,0
907192150,0
907202100,0
907227100,0
907250050,0
907252020,0
907260040,0
907262020,0
907275150,0
907285040,0
907295040,0
907420050,0
908102100,1
908152070,1
908152280,0
908152290,0
908186050,0
908225310,1
909176170,1
909251040,1
909254130,1
909254140,1
909256120,1
909275160,1
909276210,1
909281020,1
909282020,1
909425140,1
910202030,1
910204090,1
914452090,1
914452120,1
914460020,0
914460110,0
916226090,1
916253320,0
916384150,0
916455050,0
916460020,0
916475020,0
921128030,0
923202134,0
923204050,0
923205025,0
923225050,1
923228250,0
923228290,0
923229040,0
923229140,1
923230120,0
923252080,0
923275200,0
526302040,1
526303060,1
527107020,0
527108030,0
527146135,0
527158020,1
527163020,0
527166030,0
527190050,1
527212030,0
527212040,0
527216010,0
527226010,1
527256120,1
527325160,1
527327080,1
527355280,0
527377030,0
527403120,0
527450010,0
527450080,1
528102080,0
528106120,0
528114010,1
528116030,0
528142060,0
528142110,1
528144030,0
528164040,0
528172150,0
528174080,0
528181040,0
528186110,0
528218060,0
528218140,0
528228325,0
528228415,0
528228545,0
528235050,0
528235130,0
528275080,0
528315070,0
528344060,1
528363070,0
528429130,0
528456200,0
528477010,0
528477030,0
528480110,0
528488120,0
531376050,0
531379030,0
531450040,0
531451290,1
531479030,0
532351060,0
532353180,1
532376180,0
532378050,0
533125120,1
533128030,0
533128090,0
533221080,0
533223010,0
533223110,0
533241010,1
533252020,0
533253090,0
533253160,0
534126060,1
534176250,0
534201130,0
534201250,1
534201260,1
534202180,0
534400120,1
534430050,1
534451050,1
534453150,1
534475160,1
534476100,0
534479240,1
534479300,1
535101110,0
535152070,1
535176050,0
535180070,1
535301010,1
535301150,1
535304020,0
535325350,0
535353180,1
535354130,0
535376090,1
535376100,1
535377100,1
535379100,1
535401140,1
535402230,0
535403150,1
535425080,1
535426195,1
535454060,0
535456010,0
535477060,1
535478070,0
535478110,0
902104020,1
902110120,1
902111010,1
902125020,1
902128020,1
902128100,1
902134060,1
902207080,1
902305090,1
902325100,1
902329070,1
902400090,1
903200050,1
903231190,1
903231220,1
903235020,1
903236200,1
903400030,1
903430130,0
903451050,1
903452090,1
903454080,1
904302020,0
904302030,0
905100030,1
905101330,0
905106210,1
905107300,1
905108090,0
905200290,0
905200340,1
905202210,1
905426150,0
905451050,1
905451410,1
906223180,0
906380170,0
906392120,0
906394060,0
907135230,0
907180120,0
907181090,0
907187010,0
907192010,0
907200170,0
907201230,0
907202140,1
907203010,0
907203040,0
907227090,0
907230240,0
907251100,0
907252050,0
907255010,0
907255050,0
907285100,0
907290230,0
907405030,0
907420070,0
908102020,1
908102330,0
908188120,0
908225180,1
908227010,1
908227040,1
908228040,1
908275220,0
909101080,1
909101330,1
909131125,1
909175030,1
909256020,1
909275230,1
909280070,1
909281010,1
909282110,1
909426060,1
909428110,1
909475020,1
910207110,1
911370530,1
914452060,0
914476050,0
916252170,0
916326010,1
916402125,0
916475100,0
923226180,0
923229110,0
923251180,1
924100070,1
