PID,SalePrice
527105030,170927.32213
527127150,241067.282598
527163010,171435.891773
527216070,354689.758933
527258010,345160.90831
527276150,100038.315316
527368020,218249.073211
527402250,127584.201248
527404120,109342.458235
527451180,126486.733788
528120090,270523.158754
528120100,202841.947806
528120120,330331.838238
528138020,271513.977312
528175010,190542.538855
528180070,322644.285553
528231020,185682.544195
528292020,220728.655548
528358010,211376.395825
528445060,273858.191952
531451280,182332.493136
531453040,169348.771515
531477050,119535.285552
532351140,190339.164837
532479070,164870.24078
533130160,293841.349673
533205060,198465.643534
533210060,182443.143914
533223020,193416.918984
533352170,165069.021127
534102025,204720.584264
534129040,186452.223532
534152070,199148.272209
534176230,171007.605743
534251320,161152.448956
534276360,91010.1531807
534401140,150137.422149
534451150,91410.8646716
535101020,136906.585313
535304180,109450.102577
535327140,107877.02431
535377090,150902.841382
535401080,143056.434465
535425010,276210.689445
902104060,86797.6995441
902106140,115684.742161
902125160,82126.5815466
902128170,96508.0777156
902206040,138302.323409
902206130,137954.997169
902207140,128059.958828
902305110,232581.325116
902402130,133381.880244
902403070,174650.212568
903204040,144828.666812
903233120,148935.957581
903234050,132116.076343
903430080,137534.94639
904300150,113284.74943
905101310,117920.298177
905105070,111213.899442
905106140,146930.891582
905106170,102173.444452
905107250,144178.362886
905107320,158104.71497
905109130,238541.646495
905109170,210600.454384
905325030,205633.481649
905426200,144459.544495
905452110,120240.007295
905453080,203898.394682
906402200,290321.811835
906425045,163989.710434
907125090,127367.855929
907180050,209046.609521
907200340,105544.501831
907250030,290820.109917
907252120,260023.223847
907262050,222565.768748
907401090,252037.774259
908102060,74556.2717851
908102110,111141.477347
908102130,122976.976549
908102170,122395.410847
908152080,160386.38447
908203100,77877.2094902
908208020,115466.662834
909100080,122236.685556
909176140,145042.449459
909250060,203687.185874
909281080,217375.163141
909428280,223087.872488
909455040,230350.081404
910202060,103642.73575
910205120,156727.854378
916386010,201792.067748
916386090,278884.079414
923202105,153373.512292
923225300,103665.773069
923225390,104370.652691
923226320,61522.9777248
923276250,202492.532915
924100050,132315.301713
527108070,334594.944622
527110020,190638.372003
527127100,298532.942318
527131030,251389.859502
527132090,242150.624165
527162110,204547.604139
527162120,170494.284489
527164020,147718.324954
527166010,221920.243161
527182110,241013.519943
527258020,195432.538114
527355150,297151.530345
527356040,202181.41992
527359180,165658.492908
527365030,268634.672071
527375100,153013.817715
527402220,150871.066138
527403040,140263.734862
527451540,128101.855819
527451640,126486.733788
527453050,166133.156019
527453060,161573.794435
527454050,154932.985173
527455050,166133.156019
527455240,104099.450249
528104070,407851.582843
528108010,274778.950855
528108070,361550.617022
528118060,303548.378861
528120020,281788.610914
528142090,284590.395445
528166060,461234.794637
528166090,378197.073111
528168030,303658.093109
528174050,159678.140241
528174060,166522.654964
528174070,166522.654964
528186180,238219.970663
528188020,192467.997417
528218090,189073.355484
528220040,160028.531828
528228290,212149.747866
528235090,198400.720391
528240150,198873.454916
528250020,191381.746174
528275160,278245.494378
528280230,187844.80716
528292040,176599.455915
528292070,219006.555443
528344100,310530.423491
528431070,266616.66377
528441020,234717.597334
528456180,225791.808434
528458020,197436.438354
528458160,316743.019819
528458180,253921.33583
528488100,178100.127649
531369020,267389.468576
531375040,184641.620124
531375090,95719.9236067
531375130,134482.852358
531385020,197202.728295
531477020,91765.0192823
532378180,102667.932764
533206020,286970.308135
533210010,155998.388036
533213010,183097.436424
533213020,165188.785832
533223030,196681.545523
534127130,172656.910021
534128100,162386.654297
534151120,239054.420514
534175080,213162.682775
534226120,115223.715359
534250400,226324.162862
534276040,122813.748631
534278070,164911.635097
534400290,146633.039239
534431130,110295.876713
534475185,168376.438896
534476150,169410.222185
535104120,167481.827219
535126010,200214.249036
535151040,116453.542822
535179160,109556.441112
535300120,187786.239437
535301170,138302.870644
535303150,124049.493464
535325290,125330.74888
535354070,116536.936342
535376060,155968.454728
535377150,100702.700575
535382100,216417.432359
535383120,84152.4655259
535402010,246920.783842
535402330,236191.761546
535403280,156111.456983
535451250,151022.183601
535453200,142628.321937
902102080,131079.254437
902103100,138999.751883
902103120,177951.810986
902103170,110021.764595
902106060,187136.433991
902110080,175658.438158
902201110,127052.794517
902205030,74660.1666816
902207170,99076.32569
902326030,279649.016846
902327070,183294.775298
902329080,142480.52351
902331010,70740.8174471
902402150,110003.652389
903200080,154148.532767
903201020,145309.92347
903202170,145093.102206
903226130,112067.643023
903227070,121852.658958
903227090,148625.749992
903231060,66831.6975896
903231130,95988.9103809
903458170,126440.611406
903476090,183047.399932
904301060,99981.9355214
904301070,99981.9355214
904351240,110829.872845
905103040,172823.523559
905103070,137601.540237
905105190,104446.358196
905108220,118664.805663
905225090,165758.904165
905451300,116568.929649
905451340,127302.227611
905452040,157183.609063
905480030,140993.775168
905480210,125054.100819
906201021,174343.201738
906201130,282435.45793
906226120,187055.22941
906226130,146642.542462
906226140,142412.377081
906230010,283973.026666
906230020,283973.026666
906230030,283973.026666
906380100,333502.473565
906380130,214578.103492
906426210,213174.575168
907126050,119185.267699
907130100,178856.646622
907135170,121877.137751
907181100,206408.301892
907194010,223716.580568
907201280,115688.02557
907202080,105942.062525
907227080,125195.153212
907227290,105222.272908
907252210,259330.702654
907252220,264099.268775
907265010,224261.174393
907275010,245634.879432
907290180,130096.426339
907414080,169294.635127
908102050,121098.194329
908128060,231145.196936
908152035,123853.156756
908154040,332889.114787
908186080,148263.639515
908203090,95249.2745489
908225290,121430.592743
909101010,154610.75625
909129100,134750.971622
909250080,133471.167588
909250220,167239.140158
909251050,150472.740146
909254010,165997.136605
909257050,212729.671864
909275080,147780.394149
909278020,119585.965029
909282130,121866.540059
909451040,141368.645546
909451140,151804.593841
909451180,151804.593841
909475300,179404.523855
910204050,186717.277451
911104060,72107.947857
911370500,249700.673671
914465040,242260.332557
914465055,212428.638325
914475010,129318.496189
916382100,350447.373793
916382110,337938.01284
916386140,249295.051228
916403010,168545.588377
916403200,200278.809614
916455070,231515.895524
916460110,223187.362777
923201100,116308.698631
923230200,102572.099616
923275040,136034.334779
923400025,140312.817196
526351030,170327.123716
526353050,201734.458888
527106050,160921.675303
527106140,171061.915633
527107210,189654.520724
527208010,305450.973605
527276040,183214.091222
527301170,230871.084818
527302185,229972.268764
527357110,137905.857185
527358120,167451.475616
527427110,160454.428687
527450250,126486.733788
527451400,126486.733788
527451550,122803.222229
527453160,162919.729462
528102030,283425.876026
528102110,450051.094294
528108150,274896.35312
528118030,390443.640375
528170070,250682.476927
528180110,348079.174137
528186080,318466.761628
528188090,203151.189867
528190010,190542.538855
528228540,181223.393638
528235020,161334.785531
528235180,175374.422355
528240040,158881.924383
528315060,279295.374436
528363110,296770.213193
528365060,276655.392518
528365080,252243.662802
528427010,269749.980216
528458050,194264.708557
528462040,193742.431316
528477040,218869.746272
528478040,250695.637291
528490080,190733.789126
531363060,144193.709919
531375110,134482.852358
531375120,153777.22151
531382110,174962.938269
531382120,181710.351873
531385060,185110.666384
531450030,210805.654775
532351050,115119.299957
533213120,166182.714297
533236070,247534.190768
533236090,453074.149256
533250160,252613.640653
533350120,255416.693156
534126090,209695.071512
534127210,165251.15747
534127230,180493.711503
534129060,209852.702334
534177180,231344.882689
534201240,144694.794046
534225110,164911.635097
534252270,221403.264766
534400030,131744.533934
534401130,150517.17308
534401190,141946.527378
534403100,161704.357064
534455030,144934.723919
534477080,141234.79951
534479150,112850.964323
535105060,167068.543488
535151160,138147.428761
535178060,139065.206699
535301080,100373.623406
535305160,94971.7710952
535352080,123386.576409
535354200,163477.928672
535380050,137105.263448
535380110,84331.8248055
535425060,189003.122328
535426260,145591.349871
535451230,120713.712801
535453040,111530.082054
535453210,124128.85611
535456100,104951.444199
535477090,113634.940785
902100020,136683.299445
902100030,112292.088937
902109110,226422.732183
902201120,96437.6710575
902201140,131649.07452
902202090,173280.737549
902304060,183421.578572
902401120,474293.501026
902405070,237334.162344
902406090,153157.567436
902427045,104949.802494
903201030,116538.578046
903226060,158819.032239
903226150,112442.605706
903228060,142464.800474
903231080,109211.17487
903232090,142694.003713
903234090,173534.775482
903235100,72222.7874491
903236010,120345.609471
903400180,176289.866851
903401020,197018.056009
903401030,190071.793038
903425420,119842.814619
903452025,127477.699118
903456130,146902.355186
903458110,129485.309958
903475020,129851.242181
903484020,147143.579759
904100020,108897.647235
904100040,122196.6305
904101170,154761.599009
905103030,146693.871385
905108170,130366.779103
905200090,119564.276879
905227050,149610.7403
905352030,224862.467276
905401045,187761.976437
905425125,200891.621157
905426030,115741.46795
905480150,114122.243754
906204280,240583.570791
906420130,240221.676107
907126030,125107.381813
907194020,217434.571645
907202010,134226.10498
907202160,149416.09304
907202190,132599.637791
907202240,147334.369647
907227050,107018.810546
907253060,239558.932553
907255060,272219.8591
907260010,301504.223334
907262030,214831.941194
907285080,218405.26256
907290250,130096.426339
907295020,167983.629813
907405140,212294.044822
907412070,194408.084545
908102030,79960.3911782
908103260,125623.265739
908128050,128400.078712
908128110,199456.088359
908152110,158699.414307
908154235,652582.736475
908186040,148263.639515
908226120,92696.868644
908250090,95637.3320207
908275180,140030.551024
908275280,129735.708581
908276140,110966.015748
909100170,83330.3540874
909101180,125554.007009
909131170,160170.439613
909175050,165294.967687
909175100,182521.022795
909275040,179559.04477
909275050,183277.42612
909281030,137024.534812
909425085,231818.36468
909451020,142041.613059
910200080,118473.295039
911370490,252594.433977
911370520,204680.729439
914475020,139304.762839
914476080,165856.72602
916226030,199513.681657
916402215,160949.0905
916460060,172090.573578
923225310,99251.9764135
923225370,99251.9764135
923227030,115294.869483
923252100,98717.8990838
923400040,174999.883418
924100020,173709.971275
526352080,173786.152724
527110080,158768.179261
527110130,154640.760849
527126030,251042.951556
527165020,190673.848949
527226040,166804.69989
527256040,427468.989992
527301080,162597.874271
527301280,155741.640658
527302090,217753.49043
527325110,224187.484326
527327050,197490.185446
527353080,213172.012496
527356050,151887.511416
527377110,185668.073569
527402090,114853.596592
527402150,147185.970526
527404050,110573.472471
527404140,105818.521645
527427160,160454.428687
527450030,131690.352986
527455030,164422.416633
528102120,277149.33945
528102130,283977.036667
528106110,438030.922805
528120010,291233.046643
528142050,292559.227759
528150110,343729.691462
528150120,316584.194703
528172050,229744.378057
528174030,166795.499111
528181080,236058.065869
528186050,313164.025874
528218020,162846.58663
528221040,169888.987461
528221050,151631.787218
528221090,189746.322997
528222030,184537.03122
528222060,163952.591783
528222090,184106.182519
528228275,203759.770305
528228375,256736.654458
528231030,175535.163084
528275110,218813.621177
528290170,173305.025008
528294010,172236.68574
528322020,324264.259603
528354060,221051.605208
528427100,269347.294177
528429110,258886.66686
528435060,238575.802012
528445020,227275.820602
528456190,242144.030619
528458090,156964.024897
528458130,301951.91627
528458150,287982.301204
528480180,254066.18002
528482090,298853.329305
531376060,202404.332056
531451030,173460.640393
531451150,141592.131646
531477040,183016.676866
532353120,105544.501831
532354010,130576.704377
532354060,131658.030507
532354070,107787.063972
532378240,104595.03303
532479120,165928.947884
533208010,189033.847663
533208070,188151.30188
533213140,161672.910992
533221060,167372.112971
533221100,164993.315623
533223050,177586.432662
533244040,327011.160281
533250190,241799.511842
533252130,147259.932114
533350020,304831.221512
534104090,230011.576354
534151090,201430.731466
534202030,122076.118329
534252060,149837.162805
534252110,130230.744127
534401120,179751.273862
534403290,202827.850912
534425080,169118.892099
534450090,45859.292688
534476080,116885.485993
534479120,124855.412776
535101150,171121.942661
535102010,133018.794331
535105110,157283.246125
535176070,144068.577348
535177020,119818.380387
535177110,176321.860157
535301060,120313.963168
535301160,150394.54326
535302070,134379.286633
535304170,131064.928314
535305180,106617.966443
535327200,103460.865213
535450190,125066.779523
535450220,129579.648174
535450310,172489.428973
535451040,108049.483929
535452060,113804.463999
535453180,123867.530623
535457040,129716.902368
535477180,103115.598971
902106070,162796.82812
902107050,132121.966985
902205020,103806.039151
902206270,142422.535465
902300020,278323.015088
902301130,133870.241045
902303100,173072.409419
902330090,251049.712748
903201090,113771.175992
903228080,149778.924253
903231090,165166.669481
903233050,127607.091794
903233140,171756.467824
903401070,166761.490367
903425270,144493.624529
903430040,114795.082326
903454010,126957.837776
903484080,121612.089547
905101070,109717.902577
905102010,126594.130156
905103110,109818.953373
905104170,107682.274837
905105170,122778.142744
905200010,106907.628096
905226080,170270.119944
905226130,157427.169348
905226170,119183.452492
905228020,110716.929657
905301050,230797.368022
905475270,110181.757858
905476160,101665.182967
906378170,221240.108138
906380010,185500.034119
906380140,192438.19305
906380200,192799.529331
906403060,225150.113491
907125120,109696.425765
907130060,154337.912103
907180040,194348.433519
907192020,209216.67997
907192150,206982.35308
907202100,106188.759446
907227100,122656.790803
907250050,294467.668584
907252020,286624.500515
907260040,198441.685247
907262020,212831.871598
907275150,294150.418232
907285040,276585.392178
907295040,234486.282302
907420050,155127.561144
908102100,131699.553765
908152070,148882.297138
908152280,124814.063019
908152290,143198.168749
908186050,148263.639515
908225310,99734.144131
909176170,168967.058605
909251040,140284.236239
909254130,188394.915624
909254140,98593.9032731
909256120,103941.819427
909275160,128189.151273
909276210,132821.590113
909281020,143196.153312
909282020,186894.991355
909425140,178939.492908
910202030,87681.2318701
910204090,116632.569258
914452090,156888.795337
914452120,136632.993701
914460020,153240.013259
914460110,199261.312157
916226090,199513.681657
916253320,184354.17414
916384150,262035.906572
916455050,232308.827973
916460020,172124.208589
916475020,270697.807313
921128030,430663.009642
923202134,96017.2732752
923204050,125450.166581
923205025,201939.184345
923225050,132640.240081
923228250,103665.773069
923228290,61522.9777248
923229040,136093.943514
923229140,168795.092762
923230120,79960.3911782
923252080,96404.8379806
923275200,98717.8990838
526302040,131617.930891
526303060,165705.590726
527107020,171084.77945
527108030,273345.27116
527146135,310344.082771
527158020,144793.292078
527163020,162457.981923
527166030,202640.97852
527190050,212157.809615
527212030,387372.86907
527212040,308073.357967
527216010,379986.496697
527226010,200710.623844
527256120,344760.064207
527325160,239094.101837
527327080,175901.061913
527355280,184547.239617
527377030,157249.784616
527403120,72822.2651264
527450010,143534.581215
527450080,137769.621978
528102080,381285.235886
528106120,274998.032348
528114010,362647.092224
528116030,340691.16006
528142060,299209.740474
528142110,341042.646116
528144030,283895.858815
528164040,344681.048565
528172150,280649.517984
528174080,190839.888524
528181040,190365.154123
528186110,318314.976887
528218060,158208.95687
528218140,227413.697514
528228325,196097.644109
528228415,187530.281816
528228545,181995.477707
528235050,161037.435862
528235130,232787.593248
528275080,182426.858081
528315070,293076.379656
528344060,270781.401064
528363070,313229.234093
528429130,251506.714532
528456200,238228.379416
528477010,381188.134767
528477030,261606.15234
528480110,186235.878214
528488120,183896.977982
531376050,199436.881683
531379030,197145.092706
531450040,171819.91837
531451290,176682.849435
531479030,108524.765564
532351060,131468.753382
532353180,152981.005652
532376180,105345.721484
532378050,111987.077981
533125120,335402.806276
533128030,244112.101052
533128090,267017.881606
533221080,164943.757345
533223010,196681.545523
533223110,177572.898566
533241010,203829.282724
533252020,156416.797111
533253090,228921.673825
533253160,228921.673825
534126060,218596.181389
534176250,183889.289966
534201130,114921.066845
534201250,163897.432216
534201260,142092.813042
534202180,135282.551855
534400120,157486.804812
534430050,116397.146205
534451050,111783.453719
534453150,141321.894732
534475160,137145.865739
534476100,119617.958336
534479240,141896.146151
534479300,103049.770422
535101110,153064.470463
535152070,150774.885987
535176050,147996.120943
535180070,131847.681365
535301010,127623.508838
535301150,131089.433835
535304020,109309.836496
535325350,113034.568869
535353180,239180.981266
535354130,168502.423415
535376090,103732.788392
535376100,115626.77513
535377100,84826.3131167
535379100,144966.516994
535401140,155032.101729
535402230,137389.554965
535403150,155251.903958
535425080,241667.301653
535426195,141272.910418
535454060,105147.063224
535456010,117624.682517
535477060,157096.35817
535478070,177991.854875
535478110,91309.2368579
902104020,156899.59326
902110120,165752.391816
902111010,96875.2868074
902125020,143390.208777
902128020,108652.299483
902128100,144823.096445
902134060,109416.042419
902207080,99129.3161934
902305090,170641.81711
902325100,224013.583233
902329070,142138.193673
902400090,140272.891081
903200050,69353.185661
903231190,123269.547877
903231220,101637.034465
903235020,84835.7351415
903236200,111292.167619
903400030,95083.8745135
903430130,64645.1492436
903451050,126069.398169
903452090,132670.24468
903454080,141323.318374
904302020,96187.1434932
904302030,160401.802793
905100030,129680.011687
905101330,129253.914597
905106210,120561.754558
905107300,152801.778985
905108090,177025.250563
905200290,162437.204833
905200340,159228.90362
905202210,128765.911905
905426150,197956.337593
905451050,152546.571099
905451410,112276.566132
906223180,261994.236541
906380170,193663.415674
906392120,265131.009897
906394060,210816.799702
907135230,128337.625876
907180120,201133.381797
907181090,212006.024874
907187010,218270.842559
907192010,216008.726739
907200170,126553.527865
907201230,168563.500352
907202140,108822.115233
907203010,102711.818463
907203040,121964.909149
907227090,103317.489225
907230240,157794.925674
907251100,273598.908631
907252050,217764.835588
907255010,231021.780946
907255050,274490.210171
907285100,230590.552655
907290230,130096.426339
907405030,180664.876422
907420070,158208.95687
908102020,136999.634543
908102330,117411.875306
908188120,200938.632325
908225180,94521.4499118
908227010,161648.031737
908227040,99189.0030721
908228040,127402.985872
908275220,121824.095833
909101080,100376.667737
909101330,66401.1958918
909131125,136060.361962
909175030,155003.044828
909256020,120494.284305
909275230,218966.847391
909280070,203833.4871
909281010,200247.363542
909282110,173624.144024
909426060,178254.904523
909428110,131958.143079
909475020,187532.08146
910207110,99437.2226638
911370530,252495.317421
914452060,183726.144505
914476050,143480.444828
916252170,175845.326112
916326010,254576.217866
916402125,153234.643124
916475100,276278.512558
923226180,61522.9777248
923229110,184071.410747
923251180,139934.262946
924100070,137478.492123
